372946 radio://0/80/2M/2 -0.8954182267189026 0.0006946595385670662 -0.008933166041970253
327217 radio://0/80/2M/8 -0.0022745782043784857 -0.9231923818588257 -0.0017996329115703702
373046 radio://0/80/2M/2 -0.8853704929351807 0.0017360846977680922 -0.004961630795150995
327319 radio://0/80/2M/8 0.0007472475990653038 -0.9230032563209534 0.0037972889840602875
373146 radio://0/80/2M/2 -0.8952969312667847 0.0026675667613744736 -0.007959995418787003
327418 radio://0/80/2M/8 0.005041046533733606 -0.925050675868988 0.01136778760701418
373246 radio://0/80/2M/2 -0.9055247902870178 0.00405708234757185 -0.017487896606326103
373346 radio://0/80/2M/2 -0.8880429863929749 0.0019488424295559525 -0.016684718430042267
327517 radio://0/80/2M/8 0.005696643143892288 -0.9396445751190186 0.009929291903972626
327617 radio://0/80/2M/8 0.01164071075618267 -0.9478335976600647 -0.024045167490839958
373446 radio://0/80/2M/2 -0.8686128854751587 0.0017037088982760906 -0.002428480889648199
327717 radio://0/80/2M/8 -0.019011367112398148 -0.9014487862586975 -0.009401730261743069
373546 radio://0/80/2M/2 -0.8558741807937622 -0.0017865642439574003 0.013164759613573551
327817 radio://0/80/2M/8 -0.03400634974241257 -0.8803430795669556 0.014092206954956055
373646 radio://0/80/2M/2 -0.8573668599128723 -0.010925816372036934 0.027643315494060516
327917 radio://0/80/2M/8 -0.045953020453453064 -0.8660707473754883 0.054894451051950455
373746 radio://0/80/2M/2 -0.8807405829429626 -0.04245513677597046 0.07663428783416748
328017 radio://0/80/2M/8 -0.009310872294008732 -0.93747878074646 0.12678827345371246
373846 radio://0/80/2M/2 -0.8942909240722656 -0.0556984469294548 0.11706946045160294
328117 radio://0/80/2M/8 -0.0477588064968586 -0.9575191736221313 0.20233295857906342
373946 radio://0/80/2M/2 -0.8999932408332825 -0.06365929543972015 0.17287422716617584
328219 radio://0/80/2M/8 -0.012369892559945583 -0.9269896745681763 0.17000101506710052
374046 radio://0/80/2M/2 -0.9009460210800171 -0.05910694599151611 0.22643987834453583
328317 radio://0/80/2M/8 0.00987631268799305 -0.912613570690155 0.20335055887699127
374146 radio://0/80/2M/2 -0.9086160063743591 -0.0487968735396862 0.29481446743011475
328422 radio://0/80/2M/8 0.01548743899911642 -0.8970665335655212 0.28153905272483826
374246 radio://0/80/2M/2 -0.8749856352806091 -0.03594381734728813 0.39617249369621277
328517 radio://0/80/2M/8 0.009620207361876965 -0.8614364862442017 0.3569759130477905
374346 radio://0/80/2M/2 -0.898310661315918 -0.02114594727754593 0.47607046365737915
328617 radio://0/80/2M/8 -0.011405706405639648 -0.8219178915023804 0.48043176531791687
374446 radio://0/80/2M/2 -0.8866695761680603 -0.020408770069479942 0.5673019886016846
328717 radio://0/80/2M/8 -0.027292460203170776 -0.7979357242584229 0.582933247089386
374546 radio://0/80/2M/2 -0.880066990852356 -0.015963738784193993 0.6812179684638977
328817 radio://0/80/2M/8 -0.0439353883266449 -0.8188808560371399 0.6633658409118652
374646 radio://0/80/2M/2 -0.8861387372016907 -0.0051936558447778225 0.7664265632629395
328917 radio://0/80/2M/8 -0.034695547074079514 -0.8028213977813721 0.7585088014602661
374746 radio://0/80/2M/2 -0.8529021143913269 -0.013568568974733353 0.8611099720001221
329018 radio://0/80/2M/8 -0.0044548483565449715 -0.8373749852180481 0.8427748084068298
374846 radio://0/80/2M/2 -0.8477543592453003 -0.013184559531509876 0.9181880950927734
329117 radio://0/80/2M/8 -0.005871950648725033 -0.8366395831108093 0.9141795635223389
374946 radio://0/80/2M/2 -0.8601061701774597 -0.0065273093059659 0.9599481821060181
329217 radio://0/80/2M/8 -0.013820317573845387 -0.8375087380409241 0.9676812291145325
375046 radio://0/80/2M/2 -0.866522490978241 0.013199703767895699 0.9982617497444153
329317 radio://0/80/2M/8 -0.007261977065354586 -0.8516155481338501 1.0054221153259277
375146 radio://0/80/2M/2 -0.8745067715644836 0.029550183564424515 1.0247575044631958
329421 radio://0/80/2M/8 0.025745900347828865 -0.8852202892303467 1.0379499197006226
375246 radio://0/80/2M/2 -0.8592691421508789 -0.0038663875311613083 1.0213086605072021
329517 radio://0/80/2M/8 0.0411573201417923 -0.9302574992179871 1.0456945896148682
375346 radio://0/80/2M/2 -0.8400644063949585 -0.008104266598820686 1.0492686033248901
329618 radio://0/80/2M/8 0.043419890105724335 -0.9373959302902222 1.0316288471221924
375446 radio://0/80/2M/2 -0.8481431007385254 -0.013896455988287926 1.0631979703903198
329717 radio://0/80/2M/8 0.038889724761247635 -0.9394730925559998 1.0404201745986938
375546 radio://0/80/2M/2 -0.8676464557647705 -0.016097750514745712 1.0671595335006714
329818 radio://0/80/2M/8 0.00047240243293344975 -0.8884091377258301 1.096750259399414
375648 radio://0/80/2M/2 -0.9045254588127136 0.006612791679799557 1.0749175548553467
329919 radio://0/80/2M/8 -0.01324418280273676 -0.8676502108573914 1.107653021812439
375747 radio://0/80/2M/2 -0.9310253262519836 0.025713179260492325 1.0827369689941406
330020 radio://0/80/2M/8 0.010800739750266075 -0.8513824343681335 1.1207449436187744
375847 radio://0/80/2M/2 -0.9169616103172302 -0.008874135091900826 1.0701674222946167
330117 radio://0/80/2M/8 -0.015561949461698532 -0.8215964436531067 1.1019600629806519
375946 radio://0/80/2M/2 -0.9003875255584717 -0.013315821066498756 1.0837973356246948
330217 radio://0/80/2M/8 -0.011377660557627678 -0.8288925886154175 1.086132287979126
376046 radio://0/80/2M/2 -0.8936012983322144 -0.014658787287771702 1.0891352891921997
330317 radio://0/80/2M/8 -0.0175031591206789 -0.8075218200683594 1.0793368816375732
376146 radio://0/80/2M/2 -0.9122008085250854 -0.01813388243317604 1.0732899904251099
330417 radio://0/80/2M/8 0.00788479670882225 -0.8506420850753784 1.0577255487442017
376246 radio://0/80/2M/2 -0.8901128172874451 -0.01176940556615591 1.0889211893081665
330517 radio://0/80/2M/8 -0.015580035746097565 -0.8263638615608215 1.059661865234375
376346 radio://0/80/2M/2 -0.9228394031524658 -0.008600587025284767 1.070268988609314
330617 radio://0/80/2M/8 -0.04180601239204407 -0.8034012913703918 1.0968817472457886
376446 radio://0/80/2M/2 -0.9511431455612183 -0.00017185001343023032 1.0502257347106934
330718 radio://0/80/2M/8 -0.04322933405637741 -0.8010814785957336 1.1145851612091064
376546 radio://0/80/2M/2 -0.933814287185669 0.003240109421312809 1.0694100856781006
330817 radio://0/80/2M/8 -0.044162146747112274 -0.8095466494560242 1.117542028427124
376646 radio://0/80/2M/2 -0.9360936284065247 0.00653315894305706 1.0765947103500366
330917 radio://0/80/2M/8 -0.03606007993221283 -0.8252404928207397 1.1082217693328857
376746 radio://0/80/2M/2 -0.9555168151855469 0.0030591776594519615 1.0714507102966309
331019 radio://0/80/2M/8 -0.01932363584637642 -0.9096168279647827 1.0673140287399292
376846 radio://0/80/2M/2 -0.927370011806488 0.0014811372384428978 1.0786765813827515
331120 radio://0/80/2M/8 -0.024006875231862068 -0.9053562879562378 1.0663325786590576
376946 radio://0/80/2M/2 -0.9149144887924194 -0.0009473070967942476 1.0795862674713135
331219 radio://0/80/2M/8 -0.005194985307753086 -0.959141731262207 1.0490148067474365
377046 radio://0/80/2M/2 -0.9457581043243408 -0.001568789011798799 1.0449085235595703
331318 radio://0/80/2M/8 -0.049112532287836075 -0.9567753076553345 1.0527443885803223
377146 radio://0/80/2M/2 -0.9399670362472534 0.004433819558471441 1.0560640096664429
331418 radio://0/80/2M/8 -0.03839047625660896 -0.9529100060462952 1.0626966953277588
377246 radio://0/80/2M/2 -0.9248573780059814 -0.001951896003447473 1.0676263570785522
331517 radio://0/80/2M/8 -0.06263961642980576 -0.9038121700286865 1.0670968294143677
377346 radio://0/80/2M/2 -0.9141028523445129 0.0034924359060823917 1.0881659984588623
331617 radio://0/80/2M/8 -0.07037678360939026 -0.8814518451690674 1.0705918073654175
377446 radio://0/80/2M/2 -0.8945608735084534 -0.016617629677057266 1.0748577117919922
331717 radio://0/80/2M/8 -0.06791194528341293 -0.866060197353363 1.0780341625213623
377546 radio://0/80/2M/2 -0.898768424987793 -0.02412663772702217 1.0708328485488892
331817 radio://0/80/2M/8 -0.04029281809926033 -0.8986089825630188 1.0747687816619873
377646 radio://0/80/2M/2 -0.8807336091995239 -0.026535790413618088 1.0740433931350708
331917 radio://0/80/2M/8 0.02108483947813511 -0.9499763250350952 1.0808659791946411
377746 radio://0/80/2M/2 -0.8854625821113586 -0.024531016126275063 1.0725423097610474
332017 radio://0/80/2M/8 0.009399277158081532 -0.9572575092315674 1.0719178915023804
377846 radio://0/80/2M/2 -0.8658590316772461 -0.01566004753112793 1.078644037246704
332117 radio://0/80/2M/8 0.012863664887845516 -0.9670953154563904 1.0703954696655273
377946 radio://0/80/2M/2 -0.8745489716529846 -0.00728882011026144 1.0760687589645386
332217 radio://0/80/2M/8 0.01224805973470211 -0.9776114225387573 1.0639381408691406
378046 radio://0/80/2M/2 -0.8614180684089661 0.0012386171147227287 1.080262303352356
332317 radio://0/80/2M/8 0.024561161175370216 -0.9863535165786743 1.0667352676391602
378146 radio://0/80/2M/2 -0.8738469481468201 0.01833309605717659 1.0810714960098267
332417 radio://0/80/2M/8 0.011866566725075245 -0.9764411449432373 1.0550904273986816
378246 radio://0/80/2M/2 -0.8498445153236389 0.010058419778943062 1.0852738618850708
332517 radio://0/80/2M/8 0.018010128289461136 -1.0177475214004517 1.0403814315795898
378346 radio://0/80/2M/2 -0.8660401105880737 0.0032756533473730087 1.0608391761779785
332617 radio://0/80/2M/8 -0.01255631260573864 -1.0166501998901367 1.0432586669921875
378446 radio://0/80/2M/2 -0.8464320302009583 -0.0025384887121617794 1.0752464532852173
332717 radio://0/80/2M/8 -0.00879609864205122 -0.9765594601631165 1.0335114002227783
378548 radio://0/80/2M/2 -0.8476028442382812 -0.0006480698939412832 1.0740002393722534
332817 radio://0/80/2M/8 -0.010229691863059998 -0.9435031414031982 1.0402562618255615
378646 radio://0/80/2M/2 -0.8725982308387756 -0.004957957658916712 1.0625516176223755
332917 radio://0/80/2M/8 0.018090493977069855 -0.9096785187721252 1.0671035051345825
378748 radio://0/80/2M/2 -0.8996043801307678 0.023589467629790306 1.0659571886062622
333017 radio://0/80/2M/8 0.006766578648239374 -0.8768337965011597 1.0758416652679443
378848 radio://0/80/2M/2 -0.9106215238571167 0.034415870904922485 1.0727808475494385
333117 radio://0/80/2M/8 0.0033247240353375673 -0.8845279812812805 1.0721945762634277
378946 radio://0/80/2M/2 -0.8912178874015808 -0.011222902685403824 1.0412654876708984
333217 radio://0/80/2M/8 0.03535061702132225 -0.9636515378952026 1.0653040409088135
379046 radio://0/80/2M/2 -0.8801991939544678 -0.025156119838356972 1.0444215536117554
333317 radio://0/80/2M/8 0.054745037108659744 -0.9729361534118652 1.0536439418792725
379146 radio://0/80/2M/2 -0.8581480979919434 -0.026794791221618652 1.0643551349639893
333417 radio://0/80/2M/8 0.05123221501708031 -1.0078213214874268 1.0229400396347046
379246 radio://0/80/2M/2 -0.8669216632843018 -0.023142371326684952 1.06216299533844
333517 radio://0/80/2M/8 0.045610375702381134 -1.0121376514434814 1.0395801067352295
379346 radio://0/80/2M/2 -0.8755400776863098 -0.009807287715375423 1.0570580959320068
333617 radio://0/80/2M/8 -0.007246744353324175 -0.9624447226524353 1.0701502561569214
379446 radio://0/80/2M/2 -0.8575842380523682 -0.011525508016347885 1.058036208152771
333717 radio://0/80/2M/8 -0.004894217010587454 -0.9248576760292053 1.1028869152069092
379548 radio://0/80/2M/2 -0.8895823955535889 0.018681151792407036 1.0540218353271484
333817 radio://0/80/2M/8 -0.033508557826280594 -0.8911945223808289 1.0920017957687378
379646 radio://0/80/2M/2 -0.8706496357917786 -0.002953824819996953 1.0461519956588745
333917 radio://0/80/2M/8 -0.014868712052702904 -0.9272958636283875 1.0504125356674194
379746 radio://0/80/2M/2 -0.8721360564231873 -0.002432316541671753 1.0447394847869873
334017 radio://0/80/2M/8 -0.010440072976052761 -0.8964712619781494 1.0481884479522705
379846 radio://0/80/2M/2 -0.8788653016090393 -0.005171744618564844 1.0408499240875244
334117 radio://0/80/2M/8 -0.019535578787326813 -0.8932063579559326 1.0390706062316895
379946 radio://0/80/2M/2 -0.9100720286369324 -0.012639169581234455 1.019387125968933
334217 radio://0/80/2M/8 -0.015260612592101097 -0.9046986103057861 1.040019154548645
380046 radio://0/80/2M/2 -0.9003907442092896 -0.014967567287385464 1.031232476234436
334317 radio://0/80/2M/8 -0.012179913930594921 -0.9156138300895691 1.0454572439193726
380146 radio://0/80/2M/2 -0.8928898572921753 -0.011941023170948029 1.0495002269744873
334417 radio://0/80/2M/8 0.02377220056951046 -0.9814702868461609 1.0394006967544556
380246 radio://0/80/2M/2 -0.9341582655906677 0.011490976437926292 1.0366743803024292
334519 radio://0/80/2M/8 0.03914278745651245 -0.9943035244941711 1.0223034620285034
380346 radio://0/80/2M/2 -0.9020752906799316 -0.009082693606615067 1.0297107696533203
334617 radio://0/80/2M/8 0.020024463534355164 -0.9468151330947876 1.038393497467041
380446 radio://0/80/2M/2 -0.8982913494110107 -0.012023869901895523 1.0378520488739014
334718 radio://0/80/2M/8 0.008831278420984745 -0.9419329166412354 1.0462754964828491
380546 radio://0/80/2M/2 -0.9092255234718323 -0.016043007373809814 1.0286356210708618
334817 radio://0/80/2M/8 0.010935932397842407 -0.9457618594169617 1.0466632843017578
380646 radio://0/80/2M/2 -0.8966808319091797 -0.011652995832264423 1.0406537055969238
334917 radio://0/80/2M/8 -0.02991940826177597 -0.910377025604248 1.0320005416870117
380746 radio://0/80/2M/2 -0.8989250659942627 -0.012361180037260056 1.0430481433868408
335017 radio://0/80/2M/8 -0.02606307715177536 -0.9234928488731384 1.0314141511917114
380846 radio://0/80/2M/2 -0.9141452312469482 -0.007037687581032515 1.028805136680603
335117 radio://0/80/2M/8 0.00755717046558857 -0.894560694694519 1.0383769273757935
380946 radio://0/80/2M/2 -0.9094340205192566 -0.002873207675293088 1.0260145664215088
335217 radio://0/80/2M/8 0.03462519869208336 -0.935745358467102 1.022238850593567
381046 radio://0/80/2M/2 -0.8906868100166321 -0.01367497630417347 1.0237243175506592
335317 radio://0/80/2M/8 0.01582306995987892 -0.9125726819038391 1.043094277381897
381146 radio://0/80/2M/2 -0.8667070865631104 -0.015726882964372635 1.0360373258590698
335417 radio://0/80/2M/8 0.04282936826348305 -0.9685060977935791 1.0395653247833252
381246 radio://0/80/2M/2 -0.8467059135437012 -0.014803900383412838 1.054742693901062
335517 radio://0/80/2M/8 0.04539523646235466 -0.9762166142463684 1.0287413597106934
381346 radio://0/80/2M/2 -0.8412194848060608 -0.01765543594956398 1.0496809482574463
335617 radio://0/80/2M/8 0.01796325109899044 -0.9045615792274475 1.0560351610183716
381446 radio://0/80/2M/2 -0.849628210067749 -0.012910814024508 1.0275994539260864
335717 radio://0/80/2M/8 0.0027664199005812407 -0.9347318410873413 1.0425310134887695
381546 radio://0/80/2M/2 -0.8549690842628479 -0.010161451995372772 1.0165194272994995
335817 radio://0/80/2M/8 -0.014551343396306038 -0.913975715637207 1.0258840322494507
381646 radio://0/80/2M/2 -0.8501057624816895 0.021042633801698685 1.0370984077453613
335917 radio://0/80/2M/8 0.00032125404686667025 -0.9218610525131226 1.0319558382034302
381746 radio://0/80/2M/2 -0.8331608176231384 0.006128684151917696 1.0266648530960083
336017 radio://0/80/2M/8 -0.004984288942068815 -0.911358654499054 1.048646092414856
381846 radio://0/80/2M/2 -0.842197060585022 0.0029663918539881706 1.0250731706619263
336117 radio://0/80/2M/8 -0.020478002727031708 -0.8735682964324951 1.0608422756195068
381946 radio://0/80/2M/2 -0.8462726473808289 0.0034566123504191637 1.0334465503692627
336217 radio://0/80/2M/8 -0.027896543964743614 -0.8605597615242004 1.0642200708389282
382046 radio://0/80/2M/2 -0.8487464189529419 0.0025192159228026867 1.0451279878616333
336317 radio://0/80/2M/8 -0.037253238260746 -0.8940073251724243 1.0185058116912842
382146 radio://0/80/2M/2 -0.8843321800231934 0.0009223417728208005 1.018433690071106
336417 radio://0/80/2M/8 -0.04278239607810974 -0.8847674131393433 1.002151608467102
382246 radio://0/80/2M/2 -0.8676607012748718 0.002372970338910818 1.0222704410552979
336517 radio://0/80/2M/8 -0.023264838382601738 -0.9237424731254578 0.9922472238540649
382346 radio://0/80/2M/2 -0.8978263139724731 -0.005719020497053862 1.0134592056274414
336617 radio://0/80/2M/8 0.010931435972452164 -0.9625530242919922 1.0074495077133179
382446 radio://0/80/2M/2 -0.9013522267341614 -0.006861595902591944 1.020666241645813
336717 radio://0/80/2M/8 0.032925672829151154 -0.9847987294197083 1.0054455995559692
382546 radio://0/80/2M/2 -0.8921899795532227 -0.005278896540403366 1.0215915441513062
336817 radio://0/80/2M/8 0.020125634968280792 -0.9486425518989563 1.0260876417160034
382646 radio://0/80/2M/2 -0.9063355326652527 -0.005306921899318695 1.0155308246612549
336917 radio://0/80/2M/8 0.01873880997300148 -0.9562326669692993 1.0372833013534546
382746 radio://0/80/2M/2 -0.9094846248626709 0.0008657629950903356 1.0072808265686035
337017 radio://0/80/2M/8 0.009910703636705875 -0.9579970240592957 1.0294463634490967
382846 radio://0/80/2M/2 -0.9060009717941284 0.01108627300709486 1.0275219678878784
337117 radio://0/80/2M/8 -0.01651228778064251 -0.9034929275512695 1.022112250328064
337219 radio://0/80/2M/8 -0.025951197370886803 -0.8846758604049683 1.0175062417984009
382946 radio://0/80/2M/2 -0.8690754175186157 0.010591072961688042 1.0428428649902344
383046 radio://0/80/2M/2 -0.8705414533615112 0.0019305169116705656 1.0519989728927612
337317 radio://0/80/2M/8 -0.003069657366722822 -0.9253615736961365 1.011799693107605
383146 radio://0/80/2M/2 -0.8743709921836853 0.00045971895451657474 1.0414292812347412
337417 radio://0/80/2M/8 0.025333421304821968 -0.9390614032745361 1.0038179159164429
383246 radio://0/80/2M/2 -0.8883331418037415 -0.001315902336500585 1.0167863368988037
337517 radio://0/80/2M/8 0.042821045964956284 -0.9326933026313782 1.0016072988510132
383346 radio://0/80/2M/2 -0.888630747795105 0.0018924879841506481 1.0160026550292969
337621 radio://0/80/2M/8 0.04128819331526756 -0.8891628980636597 1.0365155935287476
383446 radio://0/80/2M/2 -0.9315608739852905 0.018537435680627823 0.9955682158470154
337717 radio://0/80/2M/8 0.011198684573173523 -0.8893505334854126 1.0303198099136353
383546 radio://0/80/2M/2 -0.9227595925331116 0.005300772376358509 1.0005398988723755
337817 radio://0/80/2M/8 0.009273518808186054 -0.8998258113861084 1.0093531608581543
383646 radio://0/80/2M/2 -0.9085903167724609 0.0017628989880904555 1.0037767887115479
337917 radio://0/80/2M/8 -0.05033464729785919 -0.8048623204231262 1.027105689048767
383746 radio://0/80/2M/2 -0.9360033273696899 0.009487117640674114 1.007556438446045
338020 radio://0/80/2M/8 -0.03270931541919708 -0.8253820538520813 1.0526498556137085
383846 radio://0/80/2M/2 -0.9130375981330872 -0.0030148609075695276 1.0168033838272095
338117 radio://0/80/2M/8 -0.011940276250243187 -0.8385308384895325 1.0482146739959717
383946 radio://0/80/2M/2 -0.9024989008903503 -0.0001838139141909778 1.0241098403930664
338217 radio://0/80/2M/8 0.002959274919703603 -0.8562948703765869 1.0533541440963745
338317 radio://0/80/2M/8 -0.03107243962585926 -0.8649340271949768 1.015699863433838
384046 radio://0/80/2M/2 -0.9228460788726807 0.005502693820744753 1.005281925201416
384146 radio://0/80/2M/2 -0.8795626163482666 -0.0006291426834650338 1.0279148817062378
338417 radio://0/80/2M/8 -0.015944138169288635 -0.9099904298782349 1.0005416870117188
384246 radio://0/80/2M/2 -0.8657967448234558 -0.0007099901558831334 1.0297892093658447
338518 radio://0/80/2M/8 -0.011333237402141094 -0.9138692617416382 1.00192129611969
384346 radio://0/80/2M/2 -0.8719114661216736 -0.0025184357073158026 1.0161539316177368
338617 radio://0/80/2M/8 -0.005141699220985174 -0.9222890138626099 1.0109151601791382
384446 radio://0/80/2M/2 -0.8293688297271729 -0.0065446821972727776 1.0396623611450195
338717 radio://0/80/2M/8 0.010615049861371517 -0.9660555124282837 1.0086036920547485
384546 radio://0/80/2M/2 -0.8068999648094177 0.001592009561136365 1.0485215187072754
338817 radio://0/80/2M/8 0.040039341896772385 -1.004901647567749 0.9992954134941101
384646 radio://0/80/2M/2 -0.8513557314872742 0.0331810787320137 1.0237168073654175
338917 radio://0/80/2M/8 0.04906557872891426 -1.0023152828216553 1.0028530359268188
384746 radio://0/80/2M/2 -0.8736928105354309 0.04860037565231323 1.0127943754196167
339017 radio://0/80/2M/8 0.04758751392364502 -0.9756813049316406 1.008055329322815
384846 radio://0/80/2M/2 -0.8158301711082458 0.001274988753721118 0.9955021142959595
339117 radio://0/80/2M/8 0.03728830814361572 -0.9511069655418396 1.0114772319793701
384946 radio://0/80/2M/2 -0.8170041441917419 -0.02949461340904236 1.0084543228149414
339217 radio://0/80/2M/8 0.010942195542156696 -0.9183721542358398 1.0095140933990479
385046 radio://0/80/2M/2 -0.8416061401367188 -0.04207601398229599 0.9878811836242676
339317 radio://0/80/2M/8 -0.02593102492392063 -0.8549229502677917 1.0328714847564697
385146 radio://0/80/2M/2 -0.8328636288642883 -0.04908489063382149 1.005240797996521
339417 radio://0/80/2M/8 -0.03684712201356888 -0.859125018119812 1.033232569694519
385246 radio://0/80/2M/2 -0.8721333742141724 -0.04689373821020126 0.988114595413208
339517 radio://0/80/2M/8 -0.031599897891283035 -0.8508015275001526 1.0290900468826294
385346 radio://0/80/2M/2 -0.8942194581031799 -0.03824174404144287 0.9871963262557983
339617 radio://0/80/2M/8 -0.01671467162668705 -0.9268090724945068 1.0105974674224854
385446 radio://0/80/2M/2 -0.907806932926178 -0.02412576787173748 1.0142475366592407
339717 radio://0/80/2M/8 -0.007599063217639923 -0.9043303728103638 1.0015863180160522
385546 radio://0/80/2M/2 -0.9189249873161316 -0.0155134666711092 1.024032473564148
339817 radio://0/80/2M/8 0.015868721529841423 -0.9442797899246216 0.9984773397445679
385646 radio://0/80/2M/2 -0.9274144172668457 -0.010354232043027878 1.0154173374176025
339917 radio://0/80/2M/8 0.015024879015982151 -0.9634000062942505 0.9998473525047302
385746 radio://0/80/2M/2 -0.9149674773216248 -0.0039963931776583195 1.018065333366394
340017 radio://0/80/2M/8 0.015469268895685673 -0.9800283312797546 1.0052425861358643
385846 radio://0/80/2M/2 -0.9103461503982544 -0.0011032167822122574 1.0162131786346436
340117 radio://0/80/2M/8 0.031229283660650253 -0.9949982166290283 1.0271129608154297
385946 radio://0/80/2M/2 -0.9049097895622253 -0.004525524564087391 1.0186519622802734
340217 radio://0/80/2M/8 0.03329538553953171 -1.0168592929840088 1.0276087522506714
386046 radio://0/80/2M/2 -0.9025034308433533 -0.009358696639537811 1.0138452053070068
340317 radio://0/80/2M/8 -0.002273470163345337 -1.0191214084625244 0.9791955947875977
386146 radio://0/80/2M/2 -0.9218486547470093 -0.007381891366094351 0.9806622266769409
340417 radio://0/80/2M/8 -0.032519880682229996 -1.0045784711837769 0.9469859600067139
386246 radio://0/80/2M/2 -0.8880114555358887 -0.004644397646188736 0.9928053021430969
340517 radio://0/80/2M/8 -0.05320762097835541 -0.9861076474189758 0.9376883506774902
386346 radio://0/80/2M/2 -0.8873593211174011 0.0020261313766241074 1.0038613080978394
340617 radio://0/80/2M/8 0.03337177634239197 -0.9590023756027222 0.9887890815734863
386446 radio://0/80/2M/2 -0.9174354672431946 -0.009152588434517384 0.997594952583313
340717 radio://0/80/2M/8 0.0681871697306633 -0.904167115688324 1.0493922233581543
386546 radio://0/80/2M/2 -0.9282214641571045 -0.0053941369988024235 0.989130973815918
340817 radio://0/80/2M/8 0.05473947152495384 -0.9040877223014832 1.0369105339050293
386646 radio://0/80/2M/2 -0.9320114254951477 -0.003770661074668169 0.9851047992706299
340917 radio://0/80/2M/8 0.02949981391429901 -0.8327528238296509 1.0361251831054688
386746 radio://0/80/2M/2 -0.9068539142608643 -0.007383338175714016 1.0146923065185547
341017 radio://0/80/2M/8 0.01375831663608551 -0.8667471408843994 1.0195550918579102
386846 radio://0/80/2M/2 -0.8925502300262451 -0.005347263067960739 1.0339434146881104
341117 radio://0/80/2M/8 3.7609228456858546e-05 -0.8463220000267029 1.013016939163208
386946 radio://0/80/2M/2 -0.8795601725578308 -0.005083474796265364 1.0454962253570557
341217 radio://0/80/2M/8 -0.015285464935004711 -0.8563458919525146 1.0112254619598389
387046 radio://0/80/2M/2 -0.9106563925743103 -0.003651868086308241 0.9951484799385071
341317 radio://0/80/2M/8 -0.01009347103536129 -0.8883063197135925 1.009587049484253
387146 radio://0/80/2M/2 -0.9111999273300171 0.00019944393716286868 0.984395444393158
341417 radio://0/80/2M/8 -0.010925278067588806 -0.903091311454773 1.00973379611969
387246 radio://0/80/2M/2 -0.9479681253433228 -0.0008554539526812732 0.9577792882919312
341517 radio://0/80/2M/8 -0.022676806896924973 -0.9144309759140015 1.0046286582946777
387346 radio://0/80/2M/2 -0.9131653308868408 -0.003606120590120554 0.9806777834892273
341617 radio://0/80/2M/8 -0.042501870542764664 -0.9897627234458923 0.9861438274383545
387446 radio://0/80/2M/2 -0.9205965399742126 0.004662069492042065 0.9960261583328247
341717 radio://0/80/2M/8 -0.026467379182577133 -0.9682142734527588 0.9633018374443054
387546 radio://0/80/2M/2 -0.883303701877594 -0.004766198806464672 1.0076780319213867
341817 radio://0/80/2M/8 0.010473361238837242 -0.9105534553527832 1.003476619720459
387646 radio://0/80/2M/2 -0.867795467376709 -0.006095439661294222 1.0145660638809204
341917 radio://0/80/2M/8 0.03305055946111679 -0.8957160115242004 1.0226554870605469
387746 radio://0/80/2M/2 -0.8439030051231384 -0.0031985146924853325 1.0280227661132812
342017 radio://0/80/2M/8 0.04702652245759964 -0.8930685520172119 1.0289641618728638
387846 radio://0/80/2M/2 -0.8342999815940857 -0.0016289493069052696 1.0291738510131836
342117 radio://0/80/2M/8 0.03766290470957756 -0.9562646746635437 1.0241121053695679
387947 radio://0/80/2M/2 -0.849296510219574 -0.002855130471289158 0.9983542561531067
342217 radio://0/80/2M/8 0.053758371621370316 -0.9358360171318054 1.004551649093628
388046 radio://0/80/2M/2 -0.82948237657547 -0.0005356842884793878 0.9977097511291504
342317 radio://0/80/2M/8 0.06910024583339691 -0.9403513073921204 0.9885352253913879
388146 radio://0/80/2M/2 -0.8448367714881897 -0.0022302069701254368 0.9986876249313354
342417 radio://0/80/2M/8 0.06258412450551987 -0.9359830021858215 0.994259774684906
388246 radio://0/80/2M/2 -0.8547139167785645 0.00041949955630116165 0.9826228022575378
342517 radio://0/80/2M/8 0.03299935907125473 -0.8773164749145508 1.0173152685165405
388346 radio://0/80/2M/2 -0.8598594069480896 0.017340965569019318 1.0006024837493896
342617 radio://0/80/2M/8 0.007473008707165718 -0.8340107798576355 1.03407883644104
388446 radio://0/80/2M/2 -0.8383793830871582 -0.008076773956418037 0.9951948523521423
342717 radio://0/80/2M/8 -0.03522845357656479 -0.760613739490509 1.0221343040466309
388546 radio://0/80/2M/2 -0.8309727311134338 -0.01636049896478653 0.9965606331825256
342817 radio://0/80/2M/8 -0.024680104106664658 -0.7717710137367249 1.015925407409668
388646 radio://0/80/2M/2 -0.8172407150268555 -0.01925111562013626 1.0093209743499756
342917 radio://0/80/2M/8 -0.02091805264353752 -0.7609003782272339 1.0015250444412231
388746 radio://0/80/2M/2 -0.805378794670105 -0.012359260581433773 1.020534873008728
343017 radio://0/80/2M/8 -0.004717599134892225 -0.7758282423019409 0.9880877137184143
388846 radio://0/80/2M/2 -0.811581552028656 0.005642788019031286 1.0244964361190796
343117 radio://0/80/2M/8 0.012077166698873043 -0.7860596776008606 1.0177310705184937
388946 radio://0/80/2M/2 -0.8278611898422241 0.02388179302215576 1.0188957452774048
343217 radio://0/80/2M/8 0.024911534041166306 -0.8280410766601562 1.0009750127792358
389046 radio://0/80/2M/2 -0.7869022488594055 -0.00723509956151247 1.0005906820297241
343317 radio://0/80/2M/8 -0.01237375009804964 -0.8351001143455505 1.0075550079345703
389146 radio://0/80/2M/2 -0.7682974338531494 -0.020475642755627632 1.0218952894210815
343417 radio://0/80/2M/8 -0.008807198144495487 -0.7455958724021912 0.9924910664558411
389246 radio://0/80/2M/2 -0.7747294902801514 -0.016099970787763596 1.0196443796157837
343517 radio://0/80/2M/8 -0.01605774275958538 -0.70102459192276 0.9930611252784729
389346 radio://0/80/2M/2 -0.8020116686820984 -0.012460973113775253 0.9867892861366272
343617 radio://0/80/2M/8 -0.0032031675800681114 -0.7002133131027222 0.9966597557067871
389446 radio://0/80/2M/2 -0.784678041934967 -0.011122997850179672 0.9840252995491028
343717 radio://0/80/2M/8 0.033799558877944946 -0.6917036175727844 1.0080902576446533
389546 radio://0/80/2M/2 -0.7759277820587158 -0.0022500993218272924 0.9879108667373657
343817 radio://0/80/2M/8 0.008990451693534851 -0.6347213983535767 1.0019550323486328
389646 radio://0/80/2M/2 -0.7605167627334595 0.00647702906280756 1.0007344484329224
343917 radio://0/80/2M/8 0.0646451935172081 -0.6239764094352722 0.9667704105377197
389746 radio://0/80/2M/2 -0.7447534203529358 0.007256911136209965 1.0175539255142212
344017 radio://0/80/2M/8 0.11020919680595398 -0.5940234065055847 0.9377651810646057
389846 radio://0/80/2M/2 -0.7749136090278625 0.004352137446403503 0.9708482027053833
344117 radio://0/80/2M/8 -0.03231839835643768 -0.566395103931427 1.0302577018737793
389946 radio://0/80/2M/2 -0.7618443965911865 0.002487694611772895 0.9735316634178162
344217 radio://0/80/2M/8 -0.05900057777762413 -0.6028540730476379 1.0699341297149658
390046 radio://0/80/2M/2 -0.7315157055854797 -6.928545190021396e-06 0.9828943610191345
344317 radio://0/80/2M/8 -0.06134318560361862 -0.5174470543861389 1.0817086696624756
390146 radio://0/80/2M/2 -0.7172157168388367 -0.001449821749702096 0.9791020154953003
344417 radio://0/80/2M/8 -0.03579859063029289 -0.5259809494018555 1.054864764213562
390246 radio://0/80/2M/2 -0.6810267567634583 0.0029148065950721502 0.9898243546485901
344517 radio://0/80/2M/8 -0.023172087967395782 -0.49186083674430847 1.0267914533615112
390346 radio://0/80/2M/2 -0.667021632194519 -0.0010659166146069765 0.9789649248123169
344617 radio://0/80/2M/8 -0.006192500237375498 -0.45418956875801086 1.003608226776123
390446 radio://0/80/2M/2 -0.6453571915626526 -0.0018487507477402687 0.9772621393203735
344717 radio://0/80/2M/8 -0.03745467960834503 -0.3868653476238251 1.0163758993148804
390548 radio://0/80/2M/2 -0.6420113444328308 0.028765985742211342 1.018847107887268
344817 radio://0/80/2M/8 -0.03260505944490433 -0.34194251894950867 1.0106950998306274
390646 radio://0/80/2M/2 -0.6288889646530151 0.03748171404004097 1.0361745357513428
344917 radio://0/80/2M/8 -0.003014151006937027 -0.32858580350875854 1.0024759769439697
390746 radio://0/80/2M/2 -0.6152135729789734 0.043448057025671005 1.043349027633667
345017 radio://0/80/2M/8 0.00887242704629898 -0.2992086112499237 1.029443621635437
390846 radio://0/80/2M/2 -0.5202128887176514 -0.042239632457494736 0.9909660220146179
345119 radio://0/80/2M/8 0.022157656028866768 -0.2607160210609436 1.0515408515930176
390946 radio://0/80/2M/2 -0.4959670603275299 -0.051836926490068436 0.9713450074195862
345217 radio://0/80/2M/8 0.022899646311998367 -0.2419290691614151 0.9956834316253662
391046 radio://0/80/2M/2 -0.4863613247871399 -0.05838065594434738 0.9671847820281982
345317 radio://0/80/2M/8 -0.003293760120868683 -0.16805166006088257 0.9656315445899963
391147 radio://0/80/2M/2 -0.5100753307342529 -0.07215572148561478 0.9681607484817505
345417 radio://0/80/2M/8 -0.023822437971830368 -0.11823064833879471 0.9479462504386902
391246 radio://0/80/2M/2 -0.5223207473754883 -0.06436482071876526 0.9642354846000671
345517 radio://0/80/2M/8 -0.013185078278183937 -0.06325189769268036 0.9813828468322754
391346 radio://0/80/2M/2 -0.5138492584228516 -0.04750480875372887 0.9921536445617676
345617 radio://0/80/2M/8 0.021089205518364906 -0.053692229092121124 0.9956645369529724
391446 radio://0/80/2M/2 -0.5039490461349487 -0.030991330742836 1.0175988674163818
345717 radio://0/80/2M/8 0.015389454551041126 -0.0005117161199450493 1.0011019706726074
391546 radio://0/80/2M/2 -0.4917668104171753 -0.016319533810019493 1.0337674617767334
345817 radio://0/80/2M/8 0.0516681894659996 0.011598733253777027 1.0028495788574219
391646 radio://0/80/2M/2 -0.4485543966293335 -0.04424969106912613 1.0193816423416138
345917 radio://0/80/2M/8 0.0751332938671112 0.027645418420433998 0.997909426689148
391746 radio://0/80/2M/2 -0.42702868580818176 -0.03797660022974014 1.0220812559127808
346017 radio://0/80/2M/8 0.03875036537647247 0.11103709042072296 0.9995330572128296
391846 radio://0/80/2M/2 -0.42242711782455444 -0.03829915449023247 0.988597571849823
346117 radio://0/80/2M/8 0.016339799389243126 0.1703023612499237 0.9941024780273438
391946 radio://0/80/2M/2 -0.40301382541656494 -0.03564076125621796 1.0071974992752075
346219 radio://0/80/2M/8 0.008274691179394722 0.21481409668922424 0.9839540719985962
392046 radio://0/80/2M/2 -0.40324053168296814 -0.027943816035985947 1.0106852054595947
346317 radio://0/80/2M/8 -0.0015566335059702396 0.27049505710601807 0.9730987548828125
392146 radio://0/80/2M/2 -0.41241559386253357 -0.015427160076797009 0.9996499419212341
346418 radio://0/80/2M/8 0.001611090381629765 0.30116796493530273 0.9761494398117065
392246 radio://0/80/2M/2 -0.39391306042671204 -0.021046346053481102 1.0108529329299927
346518 radio://0/80/2M/8 0.0140828313305974 0.32767751812934875 0.9894794821739197
392346 radio://0/80/2M/2 -0.3866095244884491 -0.028173409402370453 1.0039749145507812
346617 radio://0/80/2M/8 -0.011407257989048958 0.39617791771888733 0.992546021938324
392446 radio://0/80/2M/2 -0.3924035131931305 -0.017827346920967102 1.0066207647323608
346717 radio://0/80/2M/8 -0.02081594057381153 0.44529375433921814 0.9924941062927246
392546 radio://0/80/2M/2 -0.39529627561569214 -0.012036817148327827 0.999346137046814
346817 radio://0/80/2M/8 -0.009732349775731564 0.46777668595314026 0.9897822737693787
392646 radio://0/80/2M/2 -0.41318562626838684 -0.0029311205726116896 0.9695475697517395
346917 radio://0/80/2M/8 -0.014816447161138058 0.5114948749542236 0.9821357131004333
392746 radio://0/80/2M/2 -0.3959640860557556 -0.01346596423536539 0.9669408798217773
347017 radio://0/80/2M/8 -0.025707289576530457 0.5561872720718384 0.9843205213546753
392846 radio://0/80/2M/2 -0.394265741109848 -0.007395640015602112 0.965931236743927
347117 radio://0/80/2M/8 -0.04621239751577377 0.6049241423606873 1.0047215223312378
392946 radio://0/80/2M/2 -0.3750665485858917 -6.372592179104686e-05 1.0175085067749023
347217 radio://0/80/2M/8 -0.044237565249204636 0.6284370422363281 1.0099785327911377
393046 radio://0/80/2M/2 -0.3759581744670868 0.003581648226827383 0.9983474612236023
347317 radio://0/80/2M/8 -0.029650544747710228 0.6571192145347595 1.006095051765442
393146 radio://0/80/2M/2 -0.3656712472438812 0.011380997486412525 1.016191840171814
347417 radio://0/80/2M/8 0.04369528591632843 0.700509786605835 1.0627710819244385
393246 radio://0/80/2M/2 -0.3596446216106415 0.009792056865990162 1.0128469467163086
347517 radio://0/80/2M/8 0.015618003904819489 0.730942964553833 1.0367412567138672
393346 radio://0/80/2M/2 -0.35560843348503113 0.0072933826595544815 0.9945468306541443
393446 radio://0/80/2M/2 -0.3481179475784302 0.009872158989310265 1.038238525390625
347617 radio://0/80/2M/8 -0.01004200242459774 0.7419900298118591 1.021257758140564
347717 radio://0/80/2M/8 -0.07849551737308502 0.7388165593147278 0.957040548324585
393546 radio://0/80/2M/2 -0.36045271158218384 0.009499356150627136 1.029057502746582
347817 radio://0/80/2M/8 -0.12886755168437958 0.7753214836120605 0.912663996219635
393646 radio://0/80/2M/2 -0.3665711283683777 0.006845915224403143 1.0287541151046753
347917 radio://0/80/2M/8 -0.06387844681739807 0.7776191234588623 0.9309273958206177
393746 radio://0/80/2M/2 -0.40774255990982056 0.04712309688329697 1.0231012105941772
348017 radio://0/80/2M/8 -0.05227799713611603 0.8145745992660522 0.959726095199585
393846 radio://0/80/2M/2 -0.4237993359565735 0.060029421001672745 1.0175026655197144
348117 radio://0/80/2M/8 -0.01091859396547079 0.8223845958709717 0.9893759489059448
393946 radio://0/80/2M/2 -0.420268177986145 0.06094430759549141 1.0235257148742676
348217 radio://0/80/2M/8 0.025200767442584038 0.8296387195587158 1.0106500387191772
394046 radio://0/80/2M/2 -0.3452792763710022 -0.02618839219212532 0.95838862657547
348317 radio://0/80/2M/8 0.05153312534093857 0.8336751461029053 1.0192323923110962
394146 radio://0/80/2M/2 -0.2999993860721588 -0.06123655289411545 0.9738272428512573
348417 radio://0/80/2M/8 0.06621503829956055 0.8383680582046509 1.0183889865875244
394246 radio://0/80/2M/2 -0.28207990527153015 -0.08710811287164688 0.9470040798187256
348517 radio://0/80/2M/8 0.09035271406173706 0.8258401155471802 1.0062214136123657
394348 radio://0/80/2M/2 -0.31194061040878296 -0.042340364307165146 0.995072603225708
348617 radio://0/80/2M/8 0.12529270350933075 0.8442783355712891 0.9665917158126831
394447 radio://0/80/2M/2 -0.32944244146347046 -0.015413590706884861 1.0192327499389648
348717 radio://0/80/2M/8 0.050504084676504135 0.8716233968734741 1.00119149684906
394546 radio://0/80/2M/2 -0.34905505180358887 0.012839313596487045 1.0385838747024536
348817 radio://0/80/2M/8 0.02965538576245308 0.8917571902275085 1.0197142362594604
394646 radio://0/80/2M/2 -0.3606944680213928 0.03307267650961876 1.058260202407837
348917 radio://0/80/2M/8 -0.005842776037752628 0.9034055471420288 1.0357009172439575
394746 radio://0/80/2M/2 -0.36125829815864563 0.04585167393088341 1.060551643371582
349017 radio://0/80/2M/8 -0.023989582434296608 0.9107775092124939 1.039082646369934
394846 radio://0/80/2M/2 -0.2686348259449005 -0.04386838153004646 0.9719732403755188
349117 radio://0/80/2M/8 0.03402462974190712 0.8834025859832764 1.0088694095611572
394946 radio://0/80/2M/2 -0.21201586723327637 -0.0678023248910904 0.9443360567092896
349217 radio://0/80/2M/8 0.059044789522886276 0.8420416712760925 1.0080370903015137
395046 radio://0/80/2M/2 -0.13442067801952362 -0.08746733516454697 0.9320579767227173
349317 radio://0/80/2M/8 0.07486426830291748 0.8398537039756775 1.0084490776062012
395146 radio://0/80/2M/2 -0.03358512371778488 -0.09361431002616882 0.9335384964942932
349418 radio://0/80/2M/8 0.1144094169139862 0.9574106335639954 0.9737997651100159
395247 radio://0/80/2M/2 0.06595694273710251 -0.08765541017055511 0.9563860297203064
349517 radio://0/80/2M/8 0.06494143605232239 0.9584691524505615 0.9197312593460083
395347 radio://0/80/2M/2 0.16749966144561768 -0.07174662500619888 0.9807084202766418
349617 radio://0/80/2M/8 0.0399109311401844 0.9725136756896973 0.9396594762802124
395446 radio://0/80/2M/2 0.26626160740852356 -0.0495406873524189 0.9973381161689758
349718 radio://0/80/2M/8 0.017389561980962753 0.9450321793556213 1.0011498928070068
395546 radio://0/80/2M/2 0.3620277941226959 -0.023986054584383965 1.0034295320510864
349817 radio://0/80/2M/8 -0.037484776228666306 0.9345594048500061 1.0380030870437622
395646 radio://0/80/2M/2 0.4538278579711914 0.0038154490757733583 1.0003191232681274
349917 radio://0/80/2M/8 -0.06226220354437828 0.9210079908370972 1.0590206384658813
395746 radio://0/80/2M/2 0.5419875383377075 0.03466847911477089 0.9940239191055298
350017 radio://0/80/2M/8 -0.01697687990963459 0.8611742258071899 1.020473599433899
395846 radio://0/80/2M/2 0.6420389413833618 0.043906308710575104 0.9919155836105347
350117 radio://0/80/2M/8 -0.016694435849785805 0.8723971247673035 0.9894514083862305
395946 radio://0/80/2M/2 0.7387336492538452 0.04378708451986313 0.9921380281448364
350217 radio://0/80/2M/8 -0.06411544978618622 0.8827567100524902 1.0332019329071045
396046 radio://0/80/2M/2 0.8258891701698303 0.0364055298268795 0.9971033334732056
350317 radio://0/80/2M/8 -0.05731736123561859 0.897780179977417 1.0242843627929688
396146 radio://0/80/2M/2 0.8881188631057739 0.03523366525769234 1.0022308826446533
350417 radio://0/80/2M/8 0.006652341224253178 0.8940268754959106 0.9878503084182739
396246 radio://0/80/2M/2 0.9515995383262634 0.028399046510457993 1.0019344091415405
350517 radio://0/80/2M/8 -0.00678535271435976 0.9277390241622925 0.9812792539596558
396346 radio://0/80/2M/2 0.9971980452537537 0.0182594433426857 0.9990113973617554
350617 radio://0/80/2M/8 0.054557137191295624 0.902134895324707 0.9673570394515991
396446 radio://0/80/2M/2 1.0301885604858398 0.00953136570751667 0.9933801889419556
350717 radio://0/80/2M/8 0.07546814531087875 0.8743619322776794 0.9679905772209167
396548 radio://0/80/2M/2 1.052552580833435 0.004422327503561974 0.9822413325309753
350817 radio://0/80/2M/8 0.07277292758226395 0.9179572463035583 0.9208646416664124
396646 radio://0/80/2M/2 1.0664186477661133 -0.0006746072322130203 0.9645299315452576
350917 radio://0/80/2M/8 0.08640392124652863 0.9450646042823792 0.8786372542381287
396746 radio://0/80/2M/2 1.077439785003662 -0.0038649877533316612 0.9351580142974854
351017 radio://0/80/2M/8 -0.02389870211482048 0.9663453102111816 0.884685218334198
396846 radio://0/80/2M/2 1.0848225355148315 -0.0031519432086497545 0.8941448926925659
351117 radio://0/80/2M/8 -0.024380575865507126 0.9360721707344055 0.8599339127540588
396946 radio://0/80/2M/2 1.086807370185852 -0.003911247476935387 0.8365198373794556
351217 radio://0/80/2M/8 0.010382618755102158 0.9098276495933533 0.7850801348686218
397046 radio://0/80/2M/2 1.0843634605407715 -0.004317021928727627 0.7634859681129456
351317 radio://0/80/2M/8 0.034960709512233734 0.9005517363548279 0.6832953095436096
397146 radio://0/80/2M/2 1.083325982093811 -0.0033998091239482164 0.6740898489952087
351417 radio://0/80/2M/8 0.06334266066551208 0.8923033475875854 0.5902011394500732
397246 radio://0/80/2M/2 1.0791797637939453 -0.00285887042991817 0.5735170245170593
351517 radio://0/80/2M/8 0.07166553288698196 0.8802614212036133 0.4890807867050171
397346 radio://0/80/2M/2 1.0741970539093018 -0.004182473290711641 0.4706454277038574
351617 radio://0/80/2M/8 0.07238715142011642 0.8784851431846619 0.38247713446617126
397446 radio://0/80/2M/2 1.0666617155075073 -0.007591663859784603 0.3713131546974182
351717 radio://0/80/2M/8 0.021747887134552002 0.909010112285614 0.3428666889667511
397546 radio://0/80/2M/2 1.057681679725647 -0.011539904400706291 0.2783721387386322
351817 radio://0/80/2M/8 -0.059344884008169174 0.9336475133895874 0.3432527482509613
397646 radio://0/80/2M/2 1.049654483795166 -0.014254406094551086 0.19557693600654602
351917 radio://0/80/2M/8 -0.042902156710624695 0.904564380645752 0.25971826910972595
397746 radio://0/80/2M/2 1.0422942638397217 -0.01719733141362667 0.12263718247413635
352017 radio://0/80/2M/8 -0.045165251940488815 0.9192937612533569 0.16934943199157715
397846 radio://0/80/2M/2 1.0377181768417358 -0.016969339922070503 0.06305737793445587
397946 radio://0/80/2M/2 1.0366871356964111 -0.01489774789661169 0.017641330137848854
